3830432661583
3830295003215
3830452322383
3830557212751
4494050492495
4508596371535
4748218302543
6560259440719
4787642662991
6646452256847
6816834224207
6807190831183
6833594531919
6891101290575
6996448968783
6983244218447
6996461158479
7063636934735
6997151055951
7153219698767
7123779059791
7242876256335
7251340296271
7160116412495
7453209755727
7505943724111
7505943560271
7516155281487
7534004731983
7539747455055
7505944117327
7585818050639
7608732418127
7611610857551
7612009545807
7635516162127
7636466008143
7636467449935
7641748865103
7640652742735
