2526792417359
2526792515663
2526793105487
2526793269327
2526793400399
2526793433167
2526793728079
2526793793615
2526793302095
2526793957455
2526794055759
2526794186831
2526794317903
2526794350671
2526794416207
2526794448975
2526794612815
2526794547279
2526794678351
2526794907727
2526795071567
2526796906575
2526796972111
3668718977103
3668724318287
3668721565775
3668724580431
2526794973263
3668728479823
3668726710351
3668725366863
3668730871887
3668733657167
3668729659471
3668734050383
3668734574671
3668736507983
3668737163343
3668735623247
3668737785935
3668738048079
3668738637903
3668737425487
3668740014159
3668739489871
3668740210767
3668740931663
3927143120975
3974579421263
4022190440527
4440572002383
4440572756047
4448346865743
4444863692879
4772287643727
4444863168591
4787632439375
4787639418959
4490166698063
6569868656719
4799549964367
6556301099087
6611354419279
6570623172687
6611355336783
6647345217615
6645316026447
6695281754191
4787677724751
6886771916879
6886779224143
6897235656783
7043147006031
7043136585807
7588248649807
7195134066767
7588256841807
7602350194767
7640022089807
7602342494287